8.2130028637e-01 0.0000000000e+00 -1.0000000000e+00 -4.5556483603e+02 -4.5556483581e+02 -2.1122966174e+02 -2.1071492336e+02               0               0               5               5               1               1 -4.5556483581e+02 -2.1071492336e+02 -6.6627975918e+02 0.0000000000e+00 1.3779600862e+01 1.3221893910e+01               0 5.3881673201e-01 
1.0000000000e+00 0.0000000000e+00 -1.0000000000e+00 -4.5556483581e+02 -4.5570907851e+02 -2.1071492336e+02 -2.1059341857e+02               0               0               5               5               1               1 -4.5570907851e+02 -2.1059341857e+02 -6.6630249708e+02 0.0000000000e+00 1.3779600862e+01 1.3779600862e+01               0 8.7811743713e-01 
1.0000000000e+00 0.0000000000e+00 -1.0000000000e+00 -4.5570907851e+02 -4.5568711457e+02 -2.1059341857e+02 -2.1018643614e+02               0               0               5               5               1               1 -4.5568711457e+02 -2.1018643614e+02 -6.6587355071e+02 0.0000000000e+00 1.3703212662e+01 1.3779600862e+01               0 5.5868982745e-01 
1.7860467589e-01 0.0000000000e+00 -1.0000000000e+00 -4.5568711457e+02 -4.5880329489e+02 -2.1018643614e+02 -2.0800792350e+02               0               0               5               5               0               1 -4.5568711457e+02 -2.1018643614e+02 -6.6587355071e+02 0.0000000000e+00 1.3703212662e+01 1.3703212662e+01               0 7.1597051097e-01 
1.5253213379e-01 0.0000000000e+00 -1.0000000000e+00 -4.5568711457e+02 -4.5442437001e+02 -2.1018643614e+02 -2.1614272516e+02               0               0               5               5               0               1 -4.5568711457e+02 -2.1018643614e+02 -6.6587355071e+02 0.0000000000e+00 1.3703212662e+01 1.3703212662e+01               0 8.7638914620e-01 
1.0000000000e+00 0.0000000000e+00 -1.0000000000e+00 -4.5568711457e+02 -4.5935352506e+02 -2.1018643614e+02 -1.8372163501e+02               0               0               5               5               1               1 -4.5935352506e+02 -1.8372163501e+02 -6.4307516007e+02 0.0000000000e+00 1.3703212662e+01 1.3703212662e+01               0 2.7304997749e-01 
1.0000000000e+00 0.0000000000e+00 -1.0000000000e+00 -4.5935352506e+02 -4.6669636093e+02 -1.8372163501e+02 -1.1622830018e+02               0               0               5               5               1               1 -4.6669636093e+02 -1.1622830018e+02 -5.8292466112e+02 0.0000000000e+00 1.3703212662e+01 1.3703212662e+01               0 4.2110762082e-01 
1.0000000000e+00 0.0000000000e+00 -1.0000000000e+00 -4.6669636093e+02 -4.6686292247e+02 -1.1622830018e+02 -1.1642806344e+02               0               0               5               5               1               1 -4.6686292247e+02 -1.1642806344e+02 -5.8329098591e+02 0.0000000000e+00 1.3142998711e+01 1.3703212662e+01               0 1.4212013304e-01 
7.3980390874e-01 0.0000000000e+00 -1.0000000000e+00 -4.6686292247e+02 -4.6695995772e+02 -1.1642806344e+02 -1.1673058615e+02               0               0               5               5               0               1 -4.6686292247e+02 -1.1642806344e+02 -5.8329098591e+02 0.0000000000e+00 1.3142998711e+01 1.3142998711e+01               0 7.5014431251e-01 
8.9769746181e-01 0.0000000000e+00 -1.0000000000e+00 -4.6686292247e+02 -4.6707890632e+02 -1.1642806344e+02 -1.1627184621e+02               0               0               5               5               1               1 -4.6707890632e+02 -1.1627184621e+02 -5.8335075253e+02 0.0000000000e+00 1.3158206656e+01 1.3142998711e+01               0 4.4613450079e-01 
1.0000000000e+00 0.0000000000e+00 -1.0000000000e+00 -4.6707890632e+02 -4.6567844355e+02 -1.1627184621e+02 -1.1584946304e+02               0               0               5               5               1               1 -4.6567844355e+02 -1.1584946304e+02 -5.8152790659e+02 0.0000000000e+00 1.3340212171e+01 1.3158206656e+01               0 9.6172259073e-02 
1.0000000000e+00 1.0000000000e+00 1.0000000000e+00 -4.6567844355e+02 -4.6567844355e+02 -1.1584946304e+02 -1.1584946304e+02              -1              -1               5               5               1               0 -4.6567844355e+02 -1.1584946304e+02 -5.8152790659e+02 1.0000000000e+00 1.3340212171e+01 1.3340212171e+01               0 1.3002856926e-01 
1.0000000000e+00 1.0000000000e+00 1.0000000000e+00 -4.6567844355e+02 -4.6567844355e+02 -1.1584946304e+02 -1.1584946304e+02               0               0               5               5               1               0 -4.6567844355e+02 -1.1584946304e+02 -5.8152790659e+02 1.0000000000e+00 1.3340212171e+01 1.3340212171e+01               0 9.1686133447e-01 
1.0000000000e+00 1.0000000000e+00 1.0000000000e+00 -4.6567844355e+02 -4.6567844355e+02 -1.1584946304e+02 -1.1584946304e+02               0               0               5               5               1               0 -4.6567844355e+02 -1.1584946304e+02 -5.8152790659e+02 1.0000000000e+00 1.3340212171e+01 1.3340212171e+01               0 4.9157316040e-01 
3.4646866893e-07 1.0000000000e+00 1.0745450066e+01 -4.6567844355e+02 -4.6616632360e+02 -1.1584946304e+02 -1.2602025537e+02               1               0               6               5               0               0 -4.6567844355e+02 -1.1584946304e+02 -5.8152790659e+02 2.3333333333e+00 1.6029828679e+01 1.3340212171e+01               0 5.8930553740e-01 
1.0000000000e+00 1.0000000000e+00 1.0000000000e+00 -4.6567844355e+02 -4.6567844355e+02 -1.1584946304e+02 -1.1582729425e+02               0               0               5               5               1               0 -4.6567844355e+02 -1.1582729425e+02 -5.8150573780e+02 1.0000000000e+00 1.3340212171e+01 1.3340212171e+01               0 4.1405598621e-01 
3.6889846392e-01 1.0000000000e+00 1.0000000000e+00 -4.6567844355e+02 -4.6567844355e+02 -1.1582729425e+02 -1.1572591580e+02               0               0               5               5               1               0 -4.6567844355e+02 -1.1572591580e+02 -5.8140435935e+02 3.3333333333e-01 1.3340212171e+01 1.3340212171e+01               0 4.9953458947e-02 
1.0000000000e+00 1.0000000000e+00 1.0000000000e+00 -4.6567844355e+02 -4.6567844292e+02 -1.1572591580e+02 -1.1567576756e+02               0               0               5               5               1               0 -4.6567844292e+02 -1.1567576756e+02 -5.8135421047e+02 1.0000000000e+00 1.3340212171e+01 1.3340212171e+01               0 9.4459475868e-01 
5.1122279377e-02 1.0000000000e+00 1.0000000000e+00 -4.6567844292e+02 -4.6567844363e+02 -1.1567576756e+02 -1.1604661204e+02               0               0               5               5               0               0 -4.6567844292e+02 -1.1567576756e+02 -5.8135421047e+02 7.4074074074e-02 1.3340212171e+01 1.3340212171e+01               0 4.4798018306e-01 
8.3123089787e-01 1.0000000000e+00 1.0000000000e+00 -4.6567844292e+02 -4.6567844292e+02 -1.1567576756e+02 -1.1586061522e+02               0               0               5               5               1               0 -4.6567844292e+02 -1.1586061522e+02 -5.8153905814e+02 1.0000000000e+00 1.3340212171e+01 1.3340212171e+01               0 5.3842469479e-01 
1.9642090681e-01 1.0000000000e+00 1.0000000000e+00 -4.6567844292e+02 -4.6567844292e+02 -1.1586061522e+02 -1.1587867275e+02               0               0               5               5               0               0 -4.6567844292e+02 -1.1586061522e+02 -5.8153905814e+02 2.0000000000e-01 1.3340212171e+01 1.3340212171e+01               0 5.7100856223e-01 
1.0000000000e+00 1.0000000000e+00 1.0000000000e+00 -4.6567844292e+02 -4.6567844292e+02 -1.1586061522e+02 -1.1586061522e+02               0               0               5               5               1               0 -4.6567844292e+02 -1.1586061522e+02 -5.8153905814e+02 1.0000000000e+00 1.3340212171e+01 1.3340212171e+01               0 8.8330609153e-01 
1.0000000000e+00 1.0000000000e+00 1.0000000000e+00 -4.6567844292e+02 -4.6567844292e+02 -1.1586061522e+02 -1.1586061522e+02               0               0               5               5               1               0 -4.6567844292e+02 -1.1586061522e+02 -5.8153905814e+02 1.0000000000e+00 1.3340212171e+01 1.3340212171e+01               0 3.5393909190e-01 
1.0000000000e+00 1.0000000000e+00 1.0000000000e+00 -4.6567844292e+02 -4.6567844292e+02 -1.1586061522e+02 -1.1586061522e+02               0               0               5               5               1               0 -4.6567844292e+02 -1.1586061522e+02 -5.8153905814e+02 1.0000000000e+00 1.3340212171e+01 1.3340212171e+01               0 8.9588621550e-01 
4.6821395513e-02 0.0000000000e+00 -1.0000000000e+00 -4.6567844292e+02 -4.6567844265e+02 -1.1586061522e+02 -1.1586203677e+02               0               0               5               5               0               1 -4.6567844292e+02 -1.1586061522e+02 -5.8153905814e+02 0.0000000000e+00 1.6205829080e+01 1.3340212171e+01               0 7.8695147403e-01 
8.6108078023e-01 0.0000000000e+00 -1.0000000000e+00 -4.6567844292e+02 -4.6560716398e+02 -1.1586061522e+02 -1.1582277993e+02               0               0               5               5               1               1 -4.6560716398e+02 -1.1582277993e+02 -5.8142994391e+02 0.0000000000e+00 1.3340212171e+01 1.3340212171e+01               0 3.7980329024e-01 
7.7907091263e-01 0.0000000000e+00 -1.0000000000e+00 -4.6560716398e+02 -4.6560476062e+02 -1.1582277993e+02 -1.1605817797e+02               0               0               5               5               1               1 -4.6560476062e+02 -1.1605817797e+02 -5.8166293859e+02 0.0000000000e+00 1.3331975522e+01 1.3340212171e+01               0 5.2705810603e-01 
2.3251295104e-05 0.0000000000e+00 -1.0000000000e+00 -4.6560476062e+02 -4.7842852331e+02 -1.1605817797e+02 -1.1254239076e+02               0               0               5               5               0               1 -4.6560476062e+02 -1.1605817797e+02 -5.8166293859e+02 0.0000000000e+00 1.3331975522e+01 1.3331975522e+01               0 7.6459257060e-01 
9.4334813964e-01 0.0000000000e+00 -1.0000000000e+00 -4.6560476062e+02 -4.6542344597e+02 -1.1605817797e+02 -1.1663721565e+02               0               0               5               5               1               1 -4.6542344597e+02 -1.1663721565e+02 -5.8206066162e+02 0.0000000000e+00 1.3331975522e+01 1.3331975522e+01               0 6.9089691935e-01 
1.0000000000e+00 0.0000000000e+00 -1.0000000000e+00 -4.6542344597e+02 -4.6546954655e+02 -1.1663721565e+02 -1.0994144258e+02               0               0               5               5               1               1 -4.6546954655e+02 -1.0994144258e+02 -5.7541098913e+02 0.0000000000e+00 1.3331975522e+01 1.3331975522e+01               0 7.4276482721e-01 
2.5880324323e-04 0.0000000000e+00 -1.0000000000e+00 -4.6546954655e+02 -4.6437653342e+02 -1.0994144258e+02 -1.2042951912e+02               0               0               5               5               0               1 -4.6546954655e+02 -1.0994144258e+02 -5.7541098913e+02 0.0000000000e+00 1.3331975522e+01 1.3331975522e+01               0 7.5546305196e-01 
1.0000000000e+00 0.0000000000e+00 -1.0000000000e+00 -4.6546954655e+02 -4.6542954065e+02 -1.0994144258e+02 -1.0951331954e+02               0               0               5               5               1               1 -4.6542954065e+02 -1.0951331954e+02 -5.7494286019e+02 0.0000000000e+00 1.3438288627e+01 1.3331975522e+01               0 1.7227835709e-01 
7.3416423540e-01 0.0000000000e+00 -1.0000000000e+00 -4.6542954065e+02 -4.6493479153e+02 -1.0951331954e+02 -1.0927540056e+02               0               0               5               5               1               1 -4.6493479153e+02 -1.0927540056e+02 -5.7421019208e+02 0.0000000000e+00 1.3438288627e+01 1.3438288627e+01               0 2.4621106999e-01 
5.4769130639e-08 0.0000000000e+00 -1.0000000000e+00 -4.6493479153e+02 -4.8171933597e+02 -1.0927540056e+02 -1.0742765727e+02               0               0               5               5               0               1 -4.6493479153e+02 -1.0927540056e+02 -5.7421019208e+02 0.0000000000e+00 1.4134451268e+01 1.3438288627e+01               0 9.6766792575e-01 
1.0000000000e+00 0.0000000000e+00 -1.0000000000e+00 -4.6493479153e+02 -4.6496261816e+02 -1.0927540056e+02 -1.0928712023e+02               0               0               5               5               1               1 -4.6496261816e+02 -1.0928712023e+02 -5.7424973839e+02 0.0000000000e+00 1.3266263847e+01 1.3438288627e+01               0 5.7006665797e-01 
8.6138697529e-01 0.0000000000e+00 -1.0000000000e+00 -4.6496261816e+02 -4.6514835469e+02 -1.0928712023e+02 -1.0931030320e+02               0               0               5               5               1               1 -4.6514835469e+02 -1.0931030320e+02 -5.7445865789e+02 0.0000000000e+00 1.3237844345e+01 1.3266263847e+01               0 2.8976000182e-01 
1.0000000000e+00 1.0000000000e+00 1.0000000000e+00 -4.6514835469e+02 -4.6514835469e+02 -1.0931030320e+02 -1.0931030320e+02              -1              -1               5               5               1               0 -4.6514835469e+02 -1.0931030320e+02 -5.7445865789e+02 1.0000000000e+00 1.3237844345e+01 1.3237844345e+01               0 3.8786064566e-01 
1.0000000000e+00 1.0000000000e+00 1.0000000000e+00 -4.6514835469e+02 -4.6514835469e+02 -1.0931030320e+02 -1.0931030320e+02               0               0               5               5               1               0 -4.6514835469e+02 -1.0931030320e+02 -5.7445865789e+02 1.0000000000e+00 1.3237844345e+01 1.3237844345e+01               0 4.2781263532e-01 
1.0000000000e+00 1.0000000000e+00 1.0000000000e+00 -4.6514835469e+02 -4.6514835469e+02 -1.0931030320e+02 -1.0931030320e+02               0               0               5               5               1               0 -4.6514835469e+02 -1.0931030320e+02 -5.7445865789e+02 1.0000000000e+00 1.3237844345e+01 1.3237844345e+01               0 5.9917695005e-02 
1.0000000000e+00 1.0000000000e+00 1.0000000000e+00 -4.6514835469e+02 -4.6514835469e+02 -1.0931030320e+02 -1.0929199096e+02               0               0               5               5               1               0 -4.6514835469e+02 -1.0929199096e+02 -5.7444034566e+02 1.0000000000e+00 1.3237844345e+01 1.3237844345e+01               0 1.0749412340e-01 
5.6155706339e-06 1.0000000000e+00 4.8200028198e-01 -4.6514835469e+02 -4.6514837534e+02 -1.0929199096e+02 -1.1931581863e+02               1               0               6               5               0               0 -4.6514835469e+02 -1.0929199096e+02 -5.7444034566e+02 1.0000000000e+00 1.6033773959e+01 1.3237844345e+01               0 1.2555982103e-02 
9.9871339072e-01 1.0000000000e+00 1.0000000000e+00 -4.6514835469e+02 -4.6514835469e+02 -1.0929199096e+02 -1.0929327840e+02               0               0               5               5               1               0 -4.6514835469e+02 -1.0929327840e+02 -5.7444163309e+02 1.0000000000e+00 1.3237844345e+01 1.3237844345e+01               0 5.6810046278e-01 
9.9221350242e-01 1.0000000000e+00 1.0000000000e+00 -4.6514835469e+02 -4.6514835558e+02 -1.0929327840e+02 -1.0930109448e+02               0               0               5               5               1               0 -4.6514835558e+02 -1.0930109448e+02 -5.7444945007e+02 1.0000000000e+00 1.3237844345e+01 1.3237844345e+01               0 1.9542948029e-01 
2.4057267496e-05 1.0000000000e+00 3.6490409209e+00 -4.6514835558e+02 -4.6519966841e+02 -1.0930109448e+02 -1.1297434040e+02               1               0               6               5               0               0 -4.6514835558e+02 -1.0930109448e+02 -5.7444945007e+02 1.0000000000e+00 1.8853894656e+01 1.3237844345e+01               0 2.9868024297e-01 
1.0000000000e+00 1.0000000000e+00 1.0000000000e+00 -4.6514835558e+02 -4.6514835558e+02 -1.0930109448e+02 -1.0929054259e+02               0               0               5               5               1               0 -4.6514835558e+02 -1.0929054259e+02 -5.7443889817e+02 1.0000000000e+00 1.3237844345e+01 1.3237844345e+01               0 8.9302121184e-01 
1.4777810897e-01 1.0000000000e+00 1.0000000000e+00 -4.6514835558e+02 -4.6514835558e+02 -1.0929054259e+02 -1.0959314807e+02               0               0               5               5               1               0 -4.6514835558e+02 -1.0959314807e+02 -5.7474150365e+02 2.0000000000e-01 1.3237844345e+01 1.3237844345e+01               0 3.9683502051e-02 
1.0000000000e+00 1.0000000000e+00 1.0000000000e+00 -4.6514835558e+02 -4.6514835558e+02 -1.0959314807e+02 -1.0959314807e+02               0               0               5               5               1               0 -4.6514835558e+02 -1.0959314807e+02 -5.7474150365e+02 1.0000000000e+00 1.3237844345e+01 1.3237844345e+01               0 5.6885143777e-01 
1.0000000000e+00 1.0000000000e+00 1.0000000000e+00 -4.6514835558e+02 -4.6514835558e+02 -1.0959314807e+02 -1.0959314807e+02               0               0               5               5               1               0 -4.6514835558e+02 -1.0959314807e+02 -5.7474150365e+02 1.0000000000e+00 1.3237844345e+01 1.3237844345e+01               0 1.0933606385e-01 
6.6343917881e-02 1.0000000000e+00 5.3970675408e-01 -4.6514835558e+02 -4.6514835543e+02 -1.0959314807e+02 -1.1792700225e+02               1               0               6               5               0               0 -4.6514835558e+02 -1.0959314807e+02 -5.7474150365e+02 1.4600000000e+02 1.3217229462e+01 1.3237844345e+01               0 7.4533443071e-01 
8.7896566080e-01 0.0000000000e+00 -1.0000000000e+00 -4.6514835558e+02 -4.6514835550e+02 -1.0959314807e+02 -1.0928440395e+02               0               0               5               5               1               1 -4.6514835550e+02 -1.0928440395e+02 -5.7443275945e+02 0.0000000000e+00 1.3611354892e+01 1.3237844345e+01               0 7.4258434237e-02 
8.9728811435e-01 0.0000000000e+00 -1.0000000000e+00 -4.6514835550e+02 -4.6518034136e+02 -1.0928440395e+02 -1.0947916059e+02               0               0               5               5               1               1 -4.6518034136e+02 -1.0947916059e+02 -5.7465950195e+02 0.0000000000e+00 1.3611354892e+01 1.3611354892e+01               0 2.6031510218e-01 
1.0000000000e+00 0.0000000000e+00 -1.0000000000e+00 -4.6518034136e+02 -4.6518459865e+02 -1.0947916059e+02 -1.0887922347e+02               0               0               5               5               1               1 -4.6518459865e+02 -1.0887922347e+02 -5.7406382212e+02 0.0000000000e+00 1.3627666614e+01 1.3611354892e+01               0 5.7658421795e-01 
1.8935857816e-01 0.0000000000e+00 -1.0000000000e+00 -4.6518459865e+02 -4.6731660915e+02 -1.0887922347e+02 -1.0778484935e+02               0               0               5               5               1               1 -4.6731660915e+02 -1.0778484935e+02 -5.7510145851e+02 0.0000000000e+00 1.3627666614e+01 1.3627666614e+01               0 6.5961088869e-02 
1.0000000000e+00 0.0000000000e+00 -1.0000000000e+00 -4.6731660915e+02 -4.6693394398e+02 -1.0778484935e+02 -1.0666809906e+02               0               0               5               5               1               1 -4.6693394398e+02 -1.0666809906e+02 -5.7360204304e+02 0.0000000000e+00 1.3627666614e+01 1.3627666614e+01               0 1.6540611291e-01 
4.3234639862e-01 0.0000000000e+00 -1.0000000000e+00 -4.6693394398e+02 -4.6630885310e+02 -1.0666809906e+02 -1.0834225806e+02               0               0               5               5               0               1 -4.6693394398e+02 -1.0666809906e+02 -5.7360204304e+02 0.0000000000e+00 1.3627666614e+01 1.3627666614e+01               0 7.5633539038e-01 
1.6041924274e-05 0.0000000000e+00 -1.0000000000e+00 -4.6693394398e+02 -4.6564394055e+02 -1.0666809906e+02 -1.2041323518e+02               0               0               5               5               0               1 -4.6693394398e+02 -1.0666809906e+02 -5.7360204304e+02 0.0000000000e+00 1.3627666614e+01 1.3627666614e+01               0 9.1560635564e-01 
4.9010366827e-01 0.0000000000e+00 -1.0000000000e+00 -4.6693394398e+02 -4.6682687875e+02 -1.0666809906e+02 -1.0707346100e+02               0               0               5               5               1               1 -4.6682687875e+02 -1.0707346100e+02 -5.7390033975e+02 0.0000000000e+00 1.3893065512e+01 1.3627666614e+01               0 1.6695159266e-01 
1.0000000000e+00 0.0000000000e+00 -1.0000000000e+00 -4.6682687875e+02 -4.6696533186e+02 -1.0707346100e+02 -1.0673150905e+02               0               0               5               5               1               1 -4.6696533186e+02 -1.0673150905e+02 -5.7369684091e+02 0.0000000000e+00 1.3893065512e+01 1.3893065512e+01               0 9.1873343580e-01 
3.8963764433e-01 0.0000000000e+00 -1.0000000000e+00 -4.6696533186e+02 -4.6687989585e+02 -1.0673150905e+02 -1.0682563595e+02               0               0               5               5               0               1 -4.6696533186e+02 -1.0673150905e+02 -5.7369684091e+02 0.0000000000e+00 1.4585313987e+01 1.3893065512e+01               0 6.9318519824e-01 
3.5571700954e-02 0.0000000000e+00 -1.0000000000e+00 -4.6696533186e+02 -4.7005914375e+02 -1.0673150905e+02 -1.0627241827e+02               0               0               5               5               0               1 -4.6696533186e+02 -1.0673150905e+02 -5.7369684091e+02 0.0000000000e+00 1.4135462840e+01 1.3893065512e+01               0 8.2711546926e-01 
4.8233226785e-01 0.0000000000e+00 -1.0000000000e+00 -4.6696533186e+02 -4.6686943595e+02 -1.0673150905e+02 -1.0752599844e+02               0               0               5               5               0               1 -4.6696533186e+02 -1.0673150905e+02 -5.7369684091e+02 0.0000000000e+00 1.3907543439e+01 1.3893065512e+01               0 5.0307590992e-01 
1.0000000000e+00 1.0000000000e+00 1.0000000000e+00 -4.6696533186e+02 -4.6696533186e+02 -1.0673150905e+02 -1.0673150905e+02              -1              -1               5               5               1               0 -4.6696533186e+02 -1.0673150905e+02 -5.7369684091e+02 1.0000000000e+00 1.3893065512e+01 1.3893065512e+01               0 3.4473665489e-01 
1.0000000000e+00 1.0000000000e+00 1.0000000000e+00 -4.6696533186e+02 -4.6696533186e+02 -1.0673150905e+02 -1.0673150905e+02               0               0               5               5               1               0 -4.6696533186e+02 -1.0673150905e+02 -5.7369684091e+02 1.0000000000e+00 1.3893065512e+01 1.3893065512e+01               0 8.9628024877e-01 
1.0000000000e+00 1.0000000000e+00 1.0000000000e+00 -4.6696533186e+02 -4.6696533186e+02 -1.0673150905e+02 -1.0673150905e+02               0               0               5               5               1               0 -4.6696533186e+02 -1.0673150905e+02 -5.7369684091e+02 1.0000000000e+00 1.3893065512e+01 1.3893065512e+01               0 9.0539231210e-01 
4.2549292885e-06 1.0000000000e+00 1.2808836811e+00 -4.6696533186e+02 -4.6802583029e+02 -1.0673150905e+02 -1.1557686216e+02               1               0               6               5               0               0 -4.6696533186e+02 -1.0673150905e+02 -5.7369684091e+02 2.3333333333e+00 1.6954394024e+01 1.3893065512e+01               0 2.8571885440e-01 
1.0000000000e+00 1.0000000000e+00 1.0000000000e+00 -4.6696533186e+02 -4.6696533186e+02 -1.0673150905e+02 -1.0672124077e+02               0               0               5               5               1               0 -4.6696533186e+02 -1.0672124077e+02 -5.7368657263e+02 1.0000000000e+00 1.3893065512e+01 1.3893065512e+01               0 1.5533273923e-02 
3.1825958813e-01 1.0000000000e+00 1.0000000000e+00 -4.6696533186e+02 -4.6696533186e+02 -1.0672124077e+02 -1.0676751640e+02               0               0               5               5               0               0 -4.6696533186e+02 -1.0672124077e+02 -5.7368657263e+02 3.3333333333e-01 1.3893065512e+01 1.3893065512e+01               0 8.0736052489e-01 
8.0486757002e-01 1.0000000000e+00 1.0000000000e+00 -4.6696533186e+02 -4.6696533186e+02 -1.0672124077e+02 -1.0693831830e+02               0               0               5               5               1               0 -4.6696533186e+02 -1.0693831830e+02 -5.7390365015e+02 1.0000000000e+00 1.3893065512e+01 1.3893065512e+01               0 1.8401020544e-01 
5.0279391065e-02 1.0000000000e+00 1.0000000000e+00 -4.6696533186e+02 -4.6696533110e+02 -1.0693831830e+02 -1.0732578938e+02               0               0               5               5               1               0 -4.6696533110e+02 -1.0732578938e+02 -5.7429112047e+02 7.4074074074e-02 1.3893065512e+01 1.3893065512e+01               0 1.5872979886e-02 
1.0000000000e+00 1.0000000000e+00 1.0000000000e+00 -4.6696533110e+02 -4.6696533110e+02 -1.0732578938e+02 -1.0728474681e+02               0               0               5               5               1               0 -4.6696533110e+02 -1.0728474681e+02 -5.7425007790e+02 1.0000000000e+00 1.3893065512e+01 1.3893065512e+01               0 5.7690396404e-01 
1.6345927039e-01 1.0000000000e+00 1.0000000000e+00 -4.6696533110e+02 -4.6696533110e+02 -1.0728474681e+02 -1.0748650032e+02               0               0               5               5               0               0 -4.6696533110e+02 -1.0728474681e+02 -5.7425007790e+02 2.0000000000e-01 1.3893065512e+01 1.3893065512e+01               0 2.5470274745e-01 
1.0000000000e+00 1.0000000000e+00 1.0000000000e+00 -4.6696533110e+02 -4.6696533110e+02 -1.0728474681e+02 -1.0728474681e+02               0               0               5               5               1               0 -4.6696533110e+02 -1.0728474681e+02 -5.7425007790e+02 1.0000000000e+00 1.3893065512e+01 1.3893065512e+01               0 8.2884580980e-01 
1.0000000000e+00 1.0000000000e+00 1.0000000000e+00 -4.6696533110e+02 -4.6696533110e+02 -1.0728474681e+02 -1.0728474681e+02               0               0               5               5               1               0 -4.6696533110e+02 -1.0728474681e+02 -5.7425007790e+02 1.0000000000e+00 1.3893065512e+01 1.3893065512e+01               0 3.4769001661e-01 
1.0000000000e+00 1.0000000000e+00 1.0000000000e+00 -4.6696533110e+02 -4.6696533110e+02 -1.0728474681e+02 -1.0728474681e+02               0               0               5               5               1               0 -4.6696533110e+02 -1.0728474681e+02 -5.7425007790e+02 1.0000000000e+00 1.3893065512e+01 1.3893065512e+01               0 7.5002176419e-01 
8.2334262115e-01 0.0000000000e+00 -1.0000000000e+00 -4.6696533110e+02 -4.6696533100e+02 -1.0728474681e+02 -1.0681237951e+02               0               0               5               5               0               1 -4.6696533110e+02 -1.0728474681e+02 -5.7425007790e+02 0.0000000000e+00 1.4495607319e+01 1.3893065512e+01               0 9.0052854724e-01 
8.0716542759e-01 0.0000000000e+00 -1.0000000000e+00 -4.6696533110e+02 -4.6684746044e+02 -1.0728474681e+02 -1.0727883088e+02               0               0               5               5               1               1 -4.6684746044e+02 -1.0727883088e+02 -5.7412629132e+02 0.0000000000e+00 1.3893065512e+01 1.3893065512e+01               0 3.5981619416e-01 
7.1966984644e-01 0.0000000000e+00 -1.0000000000e+00 -4.6684746044e+02 -4.6686428738e+02 -1.0727883088e+02 -1.0770528739e+02               0               0               5               5               1               1 -4.6686428738e+02 -1.0770528739e+02 -5.7456957477e+02 0.0000000000e+00 1.3953307511e+01 1.3893065512e+01               0 1.3019471813e-01 
1.0000000000e+00 0.0000000000e+00 -1.0000000000e+00 -4.6686428738e+02 -4.6597804847e+02 -1.0770528739e+02 -1.0822173872e+02               0               0               5               5               1               1 -4.6597804847e+02 -1.0822173872e+02 -5.7419978719e+02 0.0000000000e+00 1.3953307511e+01 1.3953307511e+01               0 6.7780088854e-01 
9.1895086515e-01 0.0000000000e+00 -1.0000000000e+00 -4.6597804847e+02 -4.6599654931e+02 -1.0822173872e+02 -1.0830829802e+02               0               0               5               5               1               1 -4.6599654931e+02 -1.0830829802e+02 -5.7430484733e+02 0.0000000000e+00 1.3953307511e+01 1.3953307511e+01               0 2.1986629826e-01 
1.3850150470e-01 0.0000000000e+00 -1.0000000000e+00 -4.6599654931e+02 -4.6488008615e+02 -1.0830829802e+02 -1.1205840671e+02               0               0               5               5               0               1 -4.6599654931e+02 -1.0830829802e+02 -5.7430484733e+02 0.0000000000e+00 1.3953307511e+01 1.3953307511e+01               0 6.6271981492e-01 
1.0000000000e+00 0.0000000000e+00 -1.0000000000e+00 -4.6599654931e+02 -4.6751991401e+02 -1.0830829802e+02 -1.0032311658e+02               0               0               5               5               1               1 -4.6751991401e+02 -1.0032311658e+02 -5.6784303060e+02 0.0000000000e+00 1.3953307511e+01 1.3953307511e+01               0 5.4071953904e-01 
1.0000000000e+00 0.0000000000e+00 -1.0000000000e+00 -4.6751991401e+02 -4.6752049451e+02 -1.0032311658e+02 -1.0018931662e+02               0               0               5               5               1               1 -4.6752049451e+02 -1.0018931662e+02 -5.6770981113e+02 0.0000000000e+00 1.3951442681e+01 1.3953307511e+01               0 5.5459321593e-02 
9.9961246519e-01 0.0000000000e+00 -1.0000000000e+00 -4.6752049451e+02 -4.6744029530e+02 -1.0018931662e+02 -1.0010927446e+02               0               0               5               5               1               1 -4.6744029530e+02 -1.0010927446e+02 -5.6754956977e+02 0.0000000000e+00 1.3951442681e+01 1.3951442681e+01               0 1.0196725896e-01 
1.0000000000e+00 0.0000000000e+00 -1.0000000000e+00 -4.6744029530e+02 -4.6504655559e+02 -1.0010927446e+02 -1.0135628593e+02               0               0               5               5               1               1 -4.6504655559e+02 -1.0135628593e+02 -5.6640284151e+02 0.0000000000e+00 1.3531366288e+01 1.3951442681e+01               0 2.0020899537e-01 
1.0000000000e+00 0.0000000000e+00 -1.0000000000e+00 -4.6504655559e+02 -4.6503394519e+02 -1.0135628593e+02 -1.0087540864e+02               0               0               5               5               1               1 -4.6503394519e+02 -1.0087540864e+02 -5.6590935382e+02 0.0000000000e+00 1.3647436488e+01 1.3531366288e+01               0 3.1032783829e-01 
1.0000000000e+00 0.0000000000e+00 -1.0000000000e+00 -4.6503394519e+02 -4.6395476877e+02 -1.0087540864e+02 -1.0087094618e+02               0               0               5               5               1               1 -4.6395476877e+02 -1.0087094618e+02 -5.6482571495e+02 0.0000000000e+00 1.4048190894e+01 1.3647436488e+01               0 5.3844059294e-01 
1.0000000000e+00 1.0000000000e+00 1.0000000000e+00 -4.6395476877e+02 -4.6395476877e+02 -1.0087094618e+02 -1.0087094618e+02              -1              -1               5               5               1               0 -4.6395476877e+02 -1.0087094618e+02 -5.6482571495e+02 1.0000000000e+00 1.4048190894e+01 1.4048190894e+01               0 2.0027140586e-01 
1.0000000000e+00 1.0000000000e+00 1.0000000000e+00 -4.6395476877e+02 -4.6395476877e+02 -1.0087094618e+02 -1.0087094618e+02               0               0               5               5               1               0 -4.6395476877e+02 -1.0087094618e+02 -5.6482571495e+02 1.0000000000e+00 1.4048190894e+01 1.4048190894e+01               0 9.8743402981e-02 
1.0000000000e+00 1.0000000000e+00 1.0000000000e+00 -4.6395476877e+02 -4.6395476877e+02 -1.0087094618e+02 -1.0087094618e+02               0               0               5               5               1               0 -4.6395476877e+02 -1.0087094618e+02 -5.6482571495e+02 1.0000000000e+00 1.4048190894e+01 1.4048190894e+01               0 7.5925200095e-01 
2.5952755804e-05 1.0000000000e+00 4.8271438895e-01 -4.6395476877e+02 -4.6395478605e+02 -1.0087094618e+02 -1.0994632596e+02               1               0               6               5               0               0 -4.6395476877e+02 -1.0087094618e+02 -5.6482571495e+02 2.3333333333e+00 1.7107654575e+01 1.4048190894e+01               0 9.6956450690e-01 
7.6826164417e-07 1.0000000000e+00 2.7436002551e+00 -4.6395476877e+02 -4.6531319232e+02 -1.0087094618e+02 -1.0952292341e+02               1               0               6               5               0               0 -4.6395476877e+02 -1.0087094618e+02 -5.6482571495e+02 1.0000000000e+00 1.7107654575e+01 1.4048190894e+01               0 6.7233455961e-01 
9.3449616190e-01 1.0000000000e+00 1.0000000000e+00 -4.6395476877e+02 -4.6395476877e+02 -1.0087094618e+02 -1.0093869394e+02               0               0               5               5               1               0 -4.6395476877e+02 -1.0093869394e+02 -5.6489346271e+02 1.0000000000e+00 1.4048190894e+01 1.4048190894e+01               0 6.1526493321e-01 
9.9048000734e-01 1.0000000000e+00 1.0000000000e+00 -4.6395476877e+02 -4.6395476943e+02 -1.0093869394e+02 -1.0094825888e+02               0               0               5               5               1               0 -4.6395476943e+02 -1.0094825888e+02 -5.6490302831e+02 1.0000000000e+00 1.4048190894e+01 1.4048190894e+01               0 3.5956030420e-01 
2.0587044499e-05 1.0000000000e+00 2.4825680450e+00 -4.6395476943e+02 -4.6395477468e+02 -1.0094825888e+02 -1.0409151756e+02               1               0               6               5               0               0 -4.6395476943e+02 -1.0094825888e+02 -5.6490302831e+02 1.0000000000e+00 2.0786482019e+01 1.4048190894e+01               0 9.9391301896e-01 
2.8600683799e-06 1.0000000000e+00 2.1209793426e+02 -4.6395476943e+02 -4.6395475845e+02 -1.0094825888e+02 -1.0671395984e+02               1               0               6               5               0               0 -4.6395476943e+02 -1.0094825888e+02 -5.6490302831e+02 1.2000000000e+01 1.8175024472e+01 1.4048190894e+01               0 3.5570517078e-01 
1.0488198003e-07 1.0000000000e+00 2.1209793426e+02 -4.6395476943e+02 -4.6379721911e+02 -1.0094825888e+02 -1.0763711066e+02               1               0               6               5               0               0 -4.6395476943e+02 -1.0094825888e+02 -5.6490302831e+02 1.0000000000e+00 1.8230271426e+01 1.4048190894e+01               0 3.0399692827e-02 
1.0000000000e+00 1.0000000000e+00 1.0000000000e+00 -4.6395476943e+02 -4.6395476943e+02 -1.0094825888e+02 -1.0094825888e+02               0               0               5               5               1               0 -4.6395476943e+02 -1.0094825888e+02 -5.6490302831e+02 1.0000000000e+00 1.4048190894e+01 1.4048190894e+01               0 8.0523583933e-01 
1.0000000000e+00 1.0000000000e+00 1.0000000000e+00 -4.6395476943e+02 -4.6395476943e+02 -1.0094825888e+02 -1.0094825888e+02               0               0               5               5               1               0 -4.6395476943e+02 -1.0094825888e+02 -5.6490302831e+02 1.0000000000e+00 1.4048190894e+01 1.4048190894e+01               0 1.8863679643e-01 
5.9744501430e-04 1.0000000000e+00 2.9061925772e+00 -4.6395476943e+02 -4.6395476943e+02 -1.0094825888e+02 -1.0897187182e+02               1               0               6               5               0               0 -4.6395476943e+02 -1.0094825888e+02 -5.6490302831e+02 1.4600000000e+02 1.7364189054e+01 1.4048190894e+01               0 4.8674271267e-01 
1.0000000000e+00 0.0000000000e+00 -1.0000000000e+00 -4.6395476943e+02 -4.6395476955e+02 -1.0094825888e+02 -1.0089499583e+02               0               0               5               5               1               1 -4.6395476955e+02 -1.0089499583e+02 -5.6484976538e+02 0.0000000000e+00 1.3573599268e+01 1.4048190894e+01               0 7.5017241167e-01 
1.0000000000e+00 0.0000000000e+00 -1.0000000000e+00 -4.6395476955e+02 -4.6402191586e+02 -1.0089499583e+02 -1.0045367897e+02               0               0               5               5               1               1 -4.6402191586e+02 -1.0045367897e+02 -5.6447559483e+02 0.0000000000e+00 1.3573599268e+01 1.3573599268e+01               0 7.2498012113e-01 
1.0000000000e+00 0.0000000000e+00 -1.0000000000e+00 -4.6402191586e+02 -4.6400448902e+02 -1.0045367897e+02 -9.9969536478e+01               0               0               5               5               1               1 -4.6400448902e+02 -9.9969536478e+01 -5.6397402550e+02 0.0000000000e+00 1.3531922316e+01 1.3573599268e+01               0 3.8101612485e-01 
1.0000000000e+00 0.0000000000e+00 -1.0000000000e+00 -4.6400448902e+02 -4.6158106757e+02 -9.9969536478e+01 -1.0068028509e+02               0               0               5               5               1               1 -4.6158106757e+02 -1.0068028509e+02 -5.6226135267e+02 0.0000000000e+00 1.3531922316e+01 1.3531922316e+01               0 2.1952408913e-01 
5.2086845324e-01 0.0000000000e+00 -1.0000000000e+00 -4.6158106757e+02 -4.6167739006e+02 -1.0068028509e+02 -1.0132556139e+02               0               0               5               5               1               1 -4.6167739006e+02 -1.0132556139e+02 -5.6300295145e+02 0.0000000000e+00 1.3531922316e+01 1.3531922316e+01               0 1.3242963410e-01 
1.0000000000e+00 0.0000000000e+00 -1.0000000000e+00 -4.6167739006e+02 -4.6268239011e+02 -1.0132556139e+02 -9.9807852968e+01               0               0               5               5               1               1 -4.6268239011e+02 -9.9807852968e+01 -5.6249024308e+02 0.0000000000e+00 1.3531922316e+01 1.3531922316e+01               0 2.6707201579e-01 
5.2263741412e-01 0.0000000000e+00 -1.0000000000e+00 -4.6268239011e+02 -4.6251441105e+02 -9.9807852968e+01 -1.0072020706e+02               0               0               5               5               0               1 -4.6268239011e+02 -9.9807852968e+01 -5.6249024308e+02 0.0000000000e+00 1.3531922316e+01 1.3531922316e+01               0 8.1600750552e-01 
1.0000000000e+00 0.0000000000e+00 -1.0000000000e+00 -4.6268239011e+02 -4.6267438489e+02 -9.9807852968e+01 -9.9455362585e+01               0               0               5               5               1               1 -4.6267438489e+02 -9.9455362585e+01 -5.6212974748e+02 0.0000000000e+00 1.3562969756e+01 1.3531922316e+01               0 7.3573211778e-01 
9.7342915102e-01 0.0000000000e+00 -1.0000000000e+00 -4.6267438489e+02 -4.6282230797e+02 -9.9455362585e+01 -9.9641435334e+01               0               0               5               5               1               1 -4.6282230797e+02 -9.9641435334e+01 -5.6246374330e+02 0.0000000000e+00 1.3562969756e+01 1.3562969756e+01               0 8.2400986564e-01 
8.5765971978e-01 0.0000000000e+00 -1.0000000000e+00 -4.6282230797e+02 -4.6277153960e+02 -9.9641435334e+01 -9.8909087302e+01               0               0               5               5               1               1 -4.6277153960e+02 -9.8909087302e+01 -5.6168062690e+02 0.0000000000e+00 1.4279369053e+01 1.3562969756e+01               0 6.8001914641e-01 
9.0416101022e-12 0.0000000000e+00 -1.0000000000e+00 -4.6277153960e+02 -4.8723501651e+02 -9.8909087302e+01 -9.5810979726e+01               0               0               5               5               0               1 -4.6277153960e+02 -9.8909087302e+01 -5.6168062690e+02 0.0000000000e+00 1.5831542781e+01 1.4279369053e+01               0 2.7783342288e-02 
3.8975008959e-02 0.0000000000e+00 -1.0000000000e+00 -4.6277153960e+02 -4.6732204701e+02 -9.8909087302e+01 -9.9811229175e+01               0               0               5               5               0               1 -4.6277153960e+02 -9.8909087302e+01 -5.6168062690e+02 0.0000000000e+00 1.3305106188e+01 1.4279369053e+01               0 4.5240481978e-01 
7.0982571397e-06 1.0000000000e+00 5.4885796418e+01 -4.6277153960e+02 -4.6277153959e+02 -9.8909087302e+01 -1.0651056155e+02              -1              -1               6               5               0               0 -4.6277153960e+02 -9.8909087302e+01 -5.6168062690e+02 1.2100000000e+02 1.9324092035e+01 1.4279369053e+01               0 9.9145056901e-01 
1.0000000000e+00 1.0000000000e+00 1.0000000000e+00 -4.6277153960e+02 -4.6277153960e+02 -9.8909087302e+01 -9.8909087302e+01               0               0               5               5               1               0 -4.6277153960e+02 -9.8909087302e+01 -5.6168062690e+02 1.0000000000e+00 1.4279369053e+01 1.4279369053e+01               0 3.7061043433e-02 
1.0000000000e+00 1.0000000000e+00 1.0000000000e+00 -4.6277153960e+02 -4.6277153960e+02 -9.8909087302e+01 -9.8909087302e+01               0               0               5               5               1               0 -4.6277153960e+02 -9.8909087302e+01 -5.6168062690e+02 1.0000000000e+00 1.4279369053e+01 1.4279369053e+01               0 7.1908936033e-01 
2.7899531140e-06 1.0000000000e+00 1.8348742476e+00 -4.6277153960e+02 -4.6339029117e+02 -9.8909087302e+01 -1.0822963228e+02               1               0               6               5               0               0 -4.6277153960e+02 -9.8909087302e+01 -5.6168062690e+02 2.3333333333e+00 1.7369880174e+01 1.4279369053e+01               0 2.8068479162e-01 
1.0000000000e+00 1.0000000000e+00 1.0000000000e+00 -4.6277153960e+02 -4.6277153960e+02 -9.8909087302e+01 -9.8871886053e+01               0               0               5               5               1               0 -4.6277153960e+02 -9.8871886053e+01 -5.6164342565e+02 1.0000000000e+00 1.4279369053e+01 1.4279369053e+01               0 5.1059930690e-01 
3.0626283333e-01 1.0000000000e+00 1.0000000000e+00 -4.6277153960e+02 -4.6277153960e+02 -9.8871886053e+01 -9.8956585378e+01               0               0               5               5               0               0 -4.6277153960e+02 -9.8871886053e+01 -5.6164342565e+02 3.3333333333e-01 1.4279369053e+01 1.4279369053e+01               0 6.1530423199e-01 
1.0000000000e+00 1.0000000000e+00 1.0000000000e+00 -4.6277153960e+02 -4.6277153953e+02 -9.8871886053e+01 -9.8398310555e+01               0               0               5               5               1               0 -4.6277153953e+02 -9.8398310555e+01 -5.6116985009e+02 1.0000000000e+00 1.4279369053e+01 1.4279369053e+01               0 8.6118964141e-01 
8.5519481605e-06 1.0000000000e+00 2.3596797964e+00 -4.6277153953e+02 -4.6277154480e+02 -9.8398310555e+01 -1.0654702285e+02               1           29696               6               5               0               0 -4.6277153953e+02 -9.8398310555e+01 -5.6116985009e+02 1.0000000000e+00 1.6941477008e+01 1.4279369053e+01               0 2.4985067814e-01 
1.4560945664e-03 1.0000000000e+00 2.9061925772e+00 -4.6277153953e+02 -4.6277153445e+02 -9.8398310555e+01 -1.0544637241e+02               1               0               6               5               0               0 -4.6277153953e+02 -9.8398310555e+01 -5.6116985009e+02 1.2000000000e+01 1.5181372474e+01 1.4279369053e+01               0 1.4679236955e-01 
1.5981766085e-07 1.0000000000e+00 5.2757736774e+01 -4.6277153953e+02 -4.6235490353e+02 -9.8398310555e+01 -1.0380204203e+02               1               0               6               5               0               0 -4.6277153953e+02 -9.8398310555e+01 -5.6116985009e+02 1.0000000000e+00 2.0975795444e+01 1.4279369053e+01               0 9.8241744458e-01 
1.0000000000e+00 1.0000000000e+00 1.0000000000e+00 -4.6277153953e+02 -4.6277153953e+02 -9.8398310555e+01 -9.8398310555e+01               0               0               5               5               1               0 -4.6277153953e+02 -9.8398310555e+01 -5.6116985009e+02 1.0000000000e+00 1.4279369053e+01 1.4279369053e+01               0 5.0163622957e-01 
1.0000000000e+00 1.0000000000e+00 1.0000000000e+00 -4.6277153953e+02 -4.6277153953e+02 -9.8398310555e+01 -9.8398310555e+01               0               0               5               5               1               0 -4.6277153953e+02 -9.8398310555e+01 -5.6116985009e+02 1.0000000000e+00 1.4279369053e+01 1.4279369053e+01               0 3.6655664293e-01 
2.1570435015e-04 1.0000000000e+00 5.2757736774e+01 -4.6277153953e+02 -4.6235490345e+02 -9.8398310555e+01 -1.0283297374e+02               1               0               6               5               0               0 -4.6277153953e+02 -9.8398310555e+01 -5.6116985009e+02 1.4600000000e+02 1.9720839973e+01 1.4279369053e+01               0 8.4248635115e-01 
1.2178532599e-01 0.0000000000e+00 -1.0000000000e+00 -4.6277153953e+02 -4.6277153927e+02 -9.8398310555e+01 -9.8325711068e+01               0               0               5               5               1               1 -4.6277153927e+02 -9.8325711068e+01 -5.6109725033e+02 0.0000000000e+00 1.6260863962e+01 1.4279369053e+01               0 2.7287224890e-02 
8.7157788755e-01 0.0000000000e+00 -1.0000000000e+00 -4.6277153927e+02 -4.6275095272e+02 -9.8325711068e+01 -9.8404672524e+01               0               0               5               5               0               1 -4.6277153927e+02 -9.8325711068e+01 -5.6109725033e+02 0.0000000000e+00 1.6260863962e+01 1.6260863962e+01               0 8.8684192451e-01 
5.7043270912e-01 0.0000000000e+00 -1.0000000000e+00 -4.6277153927e+02 -4.6275635579e+02 -9.8325711068e+01 -9.8772748907e+01               0               0               5               5               1               1 -4.6275635579e+02 -9.8772748907e+01 -5.6152910469e+02 0.0000000000e+00 1.6224317810e+01 1.6260863962e+01               0 5.1726759842e-01 
1.0000000000e+00 0.0000000000e+00 -1.0000000000e+00 -4.6275635579e+02 -4.6260086085e+02 -9.8772748907e+01 -9.8335345328e+01               0               0               5               5               1               1 -4.6260086085e+02 -9.8335345328e+01 -5.6093620618e+02 0.0000000000e+00 1.6224317810e+01 1.6224317810e+01               0 5.9449075838e-02 
6.2383374437e-04 0.0000000000e+00 -1.0000000000e+00 -4.6260086085e+02 -4.6844957998e+02 -9.8335345328e+01 -1.0088652933e+02               0               0               5               5               0               1 -4.6260086085e+02 -9.8335345328e+01 -5.6093620618e+02 0.0000000000e+00 1.6224317810e+01 1.6224317810e+01               0 6.4090526069e-01 
1.2162138144e-01 0.0000000000e+00 -1.0000000000e+00 -4.6260086085e+02 -4.6604485423e+02 -9.8335345328e+01 -9.6631344718e+01               0               0               5               5               0               1 -4.6260086085e+02 -9.8335345328e+01 -5.6093620618e+02 0.0000000000e+00 1.6224317810e+01 1.6224317810e+01               0 3.1437662162e-01 
1.0000000000e+00 0.0000000000e+00 -1.0000000000e+00 -4.6260086085e+02 -4.6639036064e+02 -9.8335345328e+01 -9.0349604769e+01               0               0               5               5               1               1 -4.6639036064e+02 -9.0349604769e+01 -5.5673996541e+02 0.0000000000e+00 1.6224317810e+01 1.6224317810e+01               0 9.5312100428e-01 
7.9755104632e-01 0.0000000000e+00 -1.0000000000e+00 -4.6639036064e+02 -4.6634640680e+02 -9.0349604769e+01 -9.0339955132e+01               0               0               5               5               0               1 -4.6639036064e+02 -9.0349604769e+01 -5.5673996541e+02 0.0000000000e+00 1.6419469860e+01 1.6224317810e+01               0 8.7927176792e-01 
7.6479713431e-01 0.0000000000e+00 -1.0000000000e+00 -4.6639036064e+02 -4.6667370235e+02 -9.0349604769e+01 -9.0809650345e+01               0               0               5               5               1               1 -4.6667370235e+02 -9.0809650345e+01 -5.5748335270e+02 0.0000000000e+00 1.6224317810e+01 1.6224317810e+01               0 2.2881367302e-01 
1.0000000000e+00 0.0000000000e+00 -1.0000000000e+00 -4.6667370235e+02 -4.6664613469e+02 -9.0809650345e+01 -8.9017648764e+01               0               0               5               5               1               1 -4.6664613469e+02 -8.9017648764e+01 -5.5566378345e+02 0.0000000000e+00 1.7118901626e+01 1.6224317810e+01               0 1.7805335589e-01 
1.1942785654e-08 0.0000000000e+00 -1.0000000000e+00 -4.6664613469e+02 -4.8385017460e+02 -8.9017648764e+01 -8.6385361827e+01               0               0               5               5               0               1 -4.6664613469e+02 -8.9017648764e+01 -5.5566378345e+02 0.0000000000e+00 1.8401623687e+01 1.7118901626e+01               0 8.1683511252e-01 
2.5561766975e-01 0.0000000000e+00 -1.0000000000e+00 -4.6664613469e+02 -4.6792290849e+02 -8.9017648764e+01 -8.9989646547e+01               0               0               5               5               0               1 -4.6664613469e+02 -8.9017648764e+01 -5.5566378345e+02 0.0000000000e+00 1.6664478863e+01 1.7118901626e+01               0 7.6412394491e-01 
1.3839137718e-03 1.0000000000e+00 5.0344972002e+00 -4.6664613469e+02 -4.6664613585e+02 -8.9017648764e+01 -9.3016464530e+01              -1              -1               6               5               0               0 -4.6664613469e+02 -8.9017648764e+01 -5.5566378345e+02 1.2100000000e+02 2.2882401311e+01 1.7118901626e+01               0 6.5371717210e-02 
1.0000000000e+00 1.0000000000e+00 1.0000000000e+00 -4.6664613469e+02 -4.6664613469e+02 -8.9017648764e+01 -8.9017648764e+01               0               0               5               5               1               0 -4.6664613469e+02 -8.9017648764e+01 -5.5566378345e+02 1.0000000000e+00 1.7118901626e+01 1.7118901626e+01               0 3.1984891102e-01 
1.0000000000e+00 1.0000000000e+00 1.0000000000e+00 -4.6664613469e+02 -4.6664613469e+02 -8.9017648764e+01 -8.9017648764e+01               0               0               5               5               1               0 -4.6664613469e+02 -8.9017648764e+01 -5.5566378345e+02 1.0000000000e+00 1.7118901626e+01 1.7118901626e+01               0 9.7278759058e-01 
9.9609303376e-01 1.0000000000e+00 1.0000000000e+00 -4.6664613469e+02 -4.6664613469e+02 -8.9017648764e+01 -8.9021563383e+01               0               0               5               5               1               0 -4.6664613469e+02 -8.9021563383e+01 -5.5566769807e+02 1.0000000000e+00 1.7118901626e+01 1.7118901626e+01               0 6.3261581899e-01 
3.1437936270e-07 1.0000000000e+00 1.2204059185e+01 -4.6664613469e+02 -4.6775920437e+02 -8.9021563383e+01 -9.7288879382e+01               1               0               6               5               0               0 -4.6664613469e+02 -8.9021563383e+01 -5.5566769807e+02 1.0000000000e+00 2.0209412748e+01 1.7118901626e+01               0 3.5300608410e-01 
3.5427410982e-01 1.0000000000e+00 1.0000000000e+00 -4.6664613469e+02 -4.6664613469e+02 -8.9021563383e+01 -8.8960635438e+01               0               0               5               5               0               0 -4.6664613469e+02 -8.9021563383e+01 -5.5566769807e+02 3.3333333333e-01 1.7118901626e+01 1.7118901626e+01               0 4.6862834168e-01 
4.8515194990e-01 1.0000000000e+00 1.0000000000e+00 -4.6664613469e+02 -4.6664613469e+02 -8.9021563383e+01 -8.9744856521e+01               0               0               5               5               0               0 -4.6664613469e+02 -8.9021563383e+01 -5.5566769807e+02 1.0000000000e+00 1.7118901626e+01 1.7118901626e+01               0 7.5827826362e-01 
3.9373297358e-02 1.0000000000e+00 1.0000000000e+00 -4.6664613469e+02 -4.6664613477e+02 -8.9021563383e+01 -8.9653541044e+01               0              22               5               5               0               0 -4.6664613469e+02 -8.9021563383e+01 -5.5566769807e+02 7.4074074074e-02 1.7118901626e+01 1.7118901626e+01               0 4.6292008611e-01 
1.0000000000e+00 1.0000000000e+00 1.0000000000e+00 -4.6664613469e+02 -4.6664613469e+02 -8.9021563383e+01 -8.8962754627e+01               0               0               5               5               1               0 -4.6664613469e+02 -8.8962754627e+01 -5.5560888932e+02 1.0000000000e+00 1.7118901626e+01 1.7118901626e+01               0 2.5327427418e-01 
1.7911358223e-01 1.0000000000e+00 1.0000000000e+00 -4.6664613469e+02 -4.6664613469e+02 -8.8962754627e+01 -8.9073051852e+01               0               0               5               5               1               0 -4.6664613469e+02 -8.9073051852e+01 -5.5571918654e+02 2.0000000000e-01 1.7118901626e+01 1.7118901626e+01               0 1.8070957041e-02 
1.0000000000e+00 1.0000000000e+00 1.0000000000e+00 -4.6664613469e+02 -4.6664613469e+02 -8.9073051852e+01 -8.9073051852e+01               0               0               5               5               1               0 -4.6664613469e+02 -8.9073051852e+01 -5.5571918654e+02 1.0000000000e+00 1.7118901626e+01 1.7118901626e+01               0 7.7014995611e-01 
1.0000000000e+00 1.0000000000e+00 1.0000000000e+00 -4.6664613469e+02 -4.6664613469e+02 -8.9073051852e+01 -8.9073051852e+01               0               0               5               5               1               0 -4.6664613469e+02 -8.9073051852e+01 -5.5571918654e+02 1.0000000000e+00 1.7118901626e+01 1.7118901626e+01               0 8.6291172204e-01 
4.3690921656e-02 1.0000000000e+00 9.7475595438e-01 -4.6664613469e+02 -4.6664613469e+02 -8.9073051852e+01 -9.6429225702e+01               1               0               6               5               0               0 -4.6664613469e+02 -8.9073051852e+01 -5.5571918654e+02 1.4600000000e+02 1.7902517483e+01 1.7118901626e+01               0 6.7246984260e-01 
1.9956330382e-01 0.0000000000e+00 -1.0000000000e+00 -4.6664613469e+02 -4.6664613465e+02 -8.9073051852e+01 -8.8869388895e+01               0               0               5               5               0               1 -4.6664613469e+02 -8.9073051852e+01 -5.5571918654e+02 0.0000000000e+00 1.8908003975e+01 1.7118901626e+01               0 8.3039956877e-01 
1.0000000000e+00 0.0000000000e+00 -1.0000000000e+00 -4.6664613469e+02 -4.6665939258e+02 -8.9073051852e+01 -8.8885157138e+01               0               0               5               5               1               1 -4.6665939258e+02 -8.8885157138e+01 -5.5554454972e+02 0.0000000000e+00 1.7118901626e+01 1.7118901626e+01               0 5.4812304804e-01 
4.8293652279e-01 0.0000000000e+00 -1.0000000000e+00 -4.6665939258e+02 -4.6665952305e+02 -8.8885157138e+01 -8.9614023648e+01               0               0               5               5               0               1 -4.6665939258e+02 -8.8885157138e+01 -5.5554454972e+02 0.0000000000e+00 1.7119212379e+01 1.7118901626e+01               0 6.1576335866e-01 
1.0000000000e+00 0.0000000000e+00 -1.0000000000e+00 -4.6665939258e+02 -4.6465449000e+02 -8.8885157138e+01 -9.0709489522e+01               0               0               5               5               1               1 -4.6465449000e+02 -9.0709489522e+01 -5.5536397952e+02 0.0000000000e+00 1.7118901626e+01 1.7118901626e+01               0 3.5353486880e-01 
3.9488223083e-01 0.0000000000e+00 -1.0000000000e+00 -4.6465449000e+02 -4.6608396453e+02 -9.0709489522e+01 -8.9375413879e+01               0               0               5               5               0               1 -4.6465449000e+02 -9.0709489522e+01 -5.5536397952e+02 0.0000000000e+00 1.7118901626e+01 1.7118901626e+01               0 9.7648098308e-01 
7.3460820765e-03 0.0000000000e+00 -1.0000000000e+00 -4.6465449000e+02 -4.7209943554e+02 -9.0709489522e+01 -8.7611804222e+01               0               0               5               5               0               1 -4.6465449000e+02 -9.0709489522e+01 -5.5536397952e+02 0.0000000000e+00 1.7118901626e+01 1.7118901626e+01               0 5.4129257833e-01 
7.3155275560e-01 0.0000000000e+00 -1.0000000000e+00 -4.6465449000e+02 -4.6404894650e+02 -9.0709489522e+01 -9.1685568385e+01               0               0               5               5               1               1 -4.6404894650e+02 -9.1685568385e+01 -5.5573451489e+02 0.0000000000e+00 1.7118901626e+01 1.7118901626e+01               0 2.6627887855e-02 
8.9605579869e-01 0.0000000000e+00 -1.0000000000e+00 -4.6404894650e+02 -4.6397299794e+02 -9.1685568385e+01 -9.1186163474e+01               0               0               5               5               1               1 -4.6397299794e+02 -9.1186163474e+01 -5.5515916142e+02 0.0000000000e+00 1.7616741903e+01 1.7118901626e+01               0 6.9007536338e-01 
5.5066050157e-01 0.0000000000e+00 -1.0000000000e+00 -4.6397299794e+02 -4.6395703107e+02 -9.1186163474e+01 -9.1775415439e+01               0               0               5               5               0               1 -4.6397299794e+02 -9.1186163474e+01 -5.5515916142e+02 0.0000000000e+00 1.7616741903e+01 1.7616741903e+01               0 9.1733356065e-01 
7.3449731196e-01 0.0000000000e+00 -1.0000000000e+00 -4.6397299794e+02 -4.6397715917e+02 -9.1186163474e+01 -9.1709136529e+01               0               0               5               5               1               1 -4.6397715917e+02 -9.1709136529e+01 -5.5568629570e+02 0.0000000000e+00 1.7417170727e+01 1.7616741903e+01               0 6.1789844639e-01 
8.7341219765e-01 0.0000000000e+00 -1.0000000000e+00 -4.6397715917e+02 -4.6400018299e+02 -9.1709136529e+01 -9.1807382482e+01               0               0               5               5               1               1 -4.6400018299e+02 -9.1807382482e+01 -5.5580756547e+02 0.0000000000e+00 1.7420444883e+01 1.7417170727e+01               0 1.2621010409e-01 
4.2051431675e-01 0.0000000000e+00 -1.0000000000e+00 -4.6400018299e+02 -4.6502473969e+02 -9.1807382482e+01 -9.2382790321e+01               0               0               5               5               0               1 -4.6400018299e+02 -9.1807382482e+01 -5.5580756547e+02 0.0000000000e+00 1.7036667935e+01 1.7420444883e+01               0 9.3495462683e-01 
1.0000000000e+00 1.0000000000e+00 1.0000000000e+00 -4.6400018299e+02 -4.6400018299e+02 -9.1807382482e+01 -9.1807382482e+01              -1              -1               5               5               1               0 -4.6400018299e+02 -9.1807382482e+01 -5.5580756547e+02 1.0000000000e+00 1.7420444883e+01 1.7420444883e+01               0 1.4675148029e-01 
1.0000000000e+00 1.0000000000e+00 1.0000000000e+00 -4.6400018299e+02 -4.6400018299e+02 -9.1807382482e+01 -9.1807382482e+01               0               0               5               5               1               0 -4.6400018299e+02 -9.1807382482e+01 -5.5580756547e+02 1.0000000000e+00 1.7420444883e+01 1.7420444883e+01               0 4.7463953844e-02 
1.0000000000e+00 1.0000000000e+00 1.0000000000e+00 -4.6400018299e+02 -4.6400018299e+02 -9.1807382482e+01 -9.1807382482e+01               0               0               5               5               1               0 -4.6400018299e+02 -9.1807382482e+01 -5.5580756547e+02 1.0000000000e+00 1.7420444883e+01 1.7420444883e+01               0 2.1073239099e-01 
6.4469915233e-09 1.0000000000e+00 1.9886190709e-02 -4.6400018299e+02 -4.6400029960e+02 -9.1807382482e+01 -1.1184359430e+02               1               0               6               5               0               0 -4.6400018299e+02 -9.1807382482e+01 -5.5580756547e+02 2.3333333333e+00 2.1008796281e+01 1.7420444883e+01               0 5.9712730197e-01 
3.7699262372e-07 1.0000000000e+00 9.0159406022e+00 -4.6400018299e+02 -4.6502147795e+02 -9.1807382482e+01 -9.9789782148e+01               1               0               6               5               0               0 -4.6400018299e+02 -9.1807382482e+01 -5.5580756547e+02 1.0000000000e+00 2.1008796281e+01 1.7420444883e+01               0 4.2556138604e-01 
3.3568936878e-01 1.0000000000e+00 1.0000000000e+00 -4.6400018299e+02 -4.6400018299e+02 -9.1807382482e+01 -9.1800339238e+01               0               0               5               5               0               0 -4.6400018299e+02 -9.1807382482e+01 -5.5580756547e+02 3.3333333333e-01 1.7420444883e+01 1.7420444883e+01               0 8.3527160308e-01 
8.8694882931e-01 1.0000000000e+00 1.0000000000e+00 -4.6400018299e+02 -4.6400018177e+02 -9.1807382482e+01 -9.1927351689e+01               0               0               5               5               1               0 -4.6400018177e+02 -9.1927351689e+01 -5.5592753346e+02 1.0000000000e+00 1.7420444883e+01 1.7420444883e+01               0 8.0103649641e-02 
8.5166326768e-02 1.0000000000e+00 1.0000000000e+00 -4.6400018177e+02 -4.6400018307e+02 -9.1927351689e+01 -9.1787809851e+01               0               0               5               5               0               0 -4.6400018177e+02 -9.1927351689e+01 -5.5592753346e+02 7.4074074074e-02 1.7420444883e+01 1.7420444883e+01               0 4.4768722507e-01 
1.0000000000e+00 1.0000000000e+00 1.0000000000e+00 -4.6400018177e+02 -4.6400018177e+02 -9.1927351689e+01 -9.1891214132e+01               0               0               5               5               1               0 -4.6400018177e+02 -9.1891214132e+01 -5.5589139590e+02 1.0000000000e+00 1.7420444883e+01 1.7420444883e+01               0 7.2051791742e-01 
2.0276625047e-01 1.0000000000e+00 1.0000000000e+00 -4.6400018177e+02 -4.6400018177e+02 -9.1891214132e+01 -9.1877477658e+01               0               0               5               5               0               0 -4.6400018177e+02 -9.1891214132e+01 -5.5589139590e+02 2.0000000000e-01 1.7420444883e+01 1.7420444883e+01               0 6.0644177359e-01 
1.0000000000e+00 1.0000000000e+00 1.0000000000e+00 -4.6400018177e+02 -4.6400018177e+02 -9.1891214132e+01 -9.1891214132e+01               0               0               5               5               1               0 -4.6400018177e+02 -9.1891214132e+01 -5.5589139590e+02 1.0000000000e+00 1.7420444883e+01 1.7420444883e+01               0 7.8755183530e-01 
1.0000000000e+00 1.0000000000e+00 1.0000000000e+00 -4.6400018177e+02 -4.6400018177e+02 -9.1891214132e+01 -9.1891214132e+01               0               0               5               5               1               0 -4.6400018177e+02 -9.1891214132e+01 -5.5589139590e+02 1.0000000000e+00 1.7420444883e+01 1.7420444883e+01               0 7.8833659471e-01 
1.0000000000e+00 1.0000000000e+00 1.0000000000e+00 -4.6400018177e+02 -4.6400018177e+02 -9.1891214132e+01 -9.1891214132e+01               0               0               5               5               1               0 -4.6400018177e+02 -9.1891214132e+01 -5.5589139590e+02 1.0000000000e+00 1.7420444883e+01 1.7420444883e+01               0 4.4845328317e-02 
8.0473087970e-01 0.0000000000e+00 -1.0000000000e+00 -4.6400018177e+02 -4.6400018177e+02 -9.1891214132e+01 -9.1643371578e+01               0               0               5               5               1               1 -4.6400018177e+02 -9.1643371578e+01 -5.5564355334e+02 0.0000000000e+00 1.7874070012e+01 1.7420444883e+01               0 4.0322046925e-01 
1.0000000000e+00 0.0000000000e+00 -1.0000000000e+00 -4.6400018177e+02 -4.6396336716e+02 -9.1643371578e+01 -9.1168401979e+01               0               0               5               5               1               1 -4.6396336716e+02 -9.1168401979e+01 -5.5513176914e+02 0.0000000000e+00 1.7874070012e+01 1.7874070012e+01               0 4.1560410417e-01 
4.5048915006e-01 0.0000000000e+00 -1.0000000000e+00 -4.6396336716e+02 -4.6396208026e+02 -9.1168401979e+01 -9.1955991984e+01               0               0               5               5               0               1 -4.6396336716e+02 -9.1168401979e+01 -5.5513176914e+02 0.0000000000e+00 1.7870997942e+01 1.7874070012e+01               0 7.2885087400e-01 
1.4050125478e-01 0.0000000000e+00 -1.0000000000e+00 -4.6396336716e+02 -4.6600133650e+02 -9.1168401979e+01 -9.0326530927e+01               0               0               5               5               0               1 -4.6396336716e+02 -9.1168401979e+01 -5.5513176914e+02 0.0000000000e+00 1.7874070012e+01 1.7874070012e+01               0 3.7487594283e-01 
1.0000000000e+00 0.0000000000e+00 -1.0000000000e+00 -4.6396336716e+02 -4.6361768063e+02 -9.1168401979e+01 -9.0766990094e+01               0               0               5               5               1               1 -4.6361768063e+02 -9.0766990094e+01 -5.5438467073e+02 0.0000000000e+00 1.7874070012e+01 1.7874070012e+01               0 5.9759792371e-01 
1.0000000000e+00 0.0000000000e+00 -1.0000000000e+00 -4.6361768063e+02 -4.6395004285e+02 -9.0766990094e+01 -8.9641925348e+01               0               0               5               5               1               1 -4.6395004285e+02 -8.9641925348e+01 -5.5359196820e+02 0.0000000000e+00 1.7874070012e+01 1.7874070012e+01               0 7.7489664836e-01 
1.0000000000e+00 0.0000000000e+00 -1.0000000000e+00 -4.6395004285e+02 -4.6450014272e+02 -8.9641925348e+01 -8.8222657885e+01               0               0               5               5               1               1 -4.6450014272e+02 -8.8222657885e+01 -5.5272280060e+02 0.0000000000e+00 1.7874070012e+01 1.7874070012e+01               0 9.4942068332e-02 
1.0000000000e+00 0.0000000000e+00 -1.0000000000e+00 -4.6450014272e+02 -4.6452570250e+02 -8.8222657885e+01 -8.7530934096e+01               0               0               5               5               1               1 -4.6452570250e+02 -8.7530934096e+01 -5.5205663660e+02 0.0000000000e+00 1.7676080169e+01 1.7874070012e+01               0 5.4316643032e-01 
3.9086010607e-01 0.0000000000e+00 -1.0000000000e+00 -4.6452570250e+02 -4.6464896639e+02 -8.7530934096e+01 -8.8453489224e+01               0               0               5               5               0               1 -4.6452570250e+02 -8.7530934096e+01 -5.5205663660e+02 0.0000000000e+00 1.7676080169e+01 1.7676080169e+01               0 6.2967141613e-01 
4.2975361428e-04 0.0000000000e+00 -1.0000000000e+00 -4.6452570250e+02 -4.7108396352e+02 -8.7530934096e+01 -8.6430875964e+01               0               0               5               5               0               1 -4.6452570250e+02 -8.7530934096e+01 -5.5205663660e+02 0.0000000000e+00 1.8351867361e+01 1.7676080169e+01               0 4.4411710755e-01 
6.2747925686e-01 0.0000000000e+00 -1.0000000000e+00 -4.6452570250e+02 -4.6452575419e+02 -8.7530934096e+01 -8.7999394486e+01               0               0               5               5               1               1 -4.6452575419e+02 -8.7999394486e+01 -5.5252514868e+02 0.0000000000e+00 1.7673847430e+01 1.7676080169e+01               0 3.5045421554e-01 
1.2395331593e-01 0.0000000000e+00 -1.0000000000e+00 -4.6452575419e+02 -4.6720553479e+02 -8.7999394486e+01 -8.8963384776e+01               0               0               5               5               0               1 -4.6452575419e+02 -8.7999394486e+01 -5.5252514868e+02 0.0000000000e+00 1.6935327739e+01 1.7673847430e+01               0 3.1476568698e-01 
1.0000000000e+00 1.0000000000e+00 1.0000000000e+00 -4.6452575419e+02 -4.6452575419e+02 -8.7999394486e+01 -8.7999394486e+01              -1              -1               5               5               1               0 -4.6452575419e+02 -8.7999394486e+01 -5.5252514868e+02 1.0000000000e+00 1.7673847430e+01 1.7673847430e+01               0 5.5053924082e-01 
1.0000000000e+00 1.0000000000e+00 1.0000000000e+00 -4.6452575419e+02 -4.6452575419e+02 -8.7999394486e+01 -8.7999394486e+01               0               0               5               5               1               0 -4.6452575419e+02 -8.7999394486e+01 -5.5252514868e+02 1.0000000000e+00 1.7673847430e+01 1.7673847430e+01               0 4.5696570294e-01 
1.0000000000e+00 1.0000000000e+00 1.0000000000e+00 -4.6452575419e+02 -4.6452575419e+02 -8.7999394486e+01 -8.7999394486e+01               0               0               5               5               1               0 -4.6452575419e+02 -8.7999394486e+01 -5.5252514868e+02 1.0000000000e+00 1.7673847430e+01 1.7673847430e+01               0 1.2549608445e-01 
9.9888882540e-01 1.0000000000e+00 1.0000000000e+00 -4.6452575419e+02 -4.6452575419e+02 -8.7999394486e+01 -8.8000506278e+01               0               0               5               5               1               0 -4.6452575419e+02 -8.8000506278e+01 -5.5252626047e+02 1.0000000000e+00 1.7673847430e+01 1.7673847430e+01               0 8.7008171447e-01 
4.9117681925e-06 1.0000000000e+00 2.5097218740e-01 -4.6452575419e+02 -4.6452578855e+02 -8.8000506278e+01 -9.8216400074e+01               1               0               6               5               0               0 -4.6452575419e+02 -8.8000506278e+01 -5.5252626047e+02 1.0000000000e+00 2.1064208984e+01 1.7673847430e+01               0 4.8224740953e-01 
1.0000000000e+00 1.0000000000e+00 1.0000000000e+00 -4.6452575419e+02 -4.6452575419e+02 -8.8000506278e+01 -8.7965234281e+01               0               0               5               5               1               0 -4.6452575419e+02 -8.7965234281e+01 -5.5249098847e+02 1.0000000000e+00 1.7673847430e+01 1.7673847430e+01               0 9.1803906963e-01 
1.0000000000e+00 1.0000000000e+00 1.0000000000e+00 -4.6452575419e+02 -4.6452575476e+02 -8.7965234281e+01 -8.7703035864e+01               0              40               5               5               1               0 -4.6452575476e+02 -8.7703035864e+01 -5.5222879062e+02 1.0000000000e+00 1.7673847430e+01 1.7673847430e+01               0 9.6287114883e-01 
1.2201280212e-05 1.0000000000e+00 2.3128894042e+00 -4.6452575476e+02 -4.6452576077e+02 -8.7703035864e+01 -9.2357556550e+01               1               0               6               5               0               0 -4.6452575476e+02 -8.7703035864e+01 -5.5222879062e+02 1.0000000000e+00 2.3494792839e+01 1.7673847430e+01               0 8.3797796757e-01 
1.0000000000e+00 1.0000000000e+00 1.0000000000e+00 -4.6452575476e+02 -4.6452575476e+02 -8.7703035864e+01 -8.7650085098e+01               0               0               5               5               1               0 -4.6452575476e+02 -8.7650085098e+01 -5.5217583986e+02 1.0000000000e+00 1.7673847430e+01 1.7673847430e+01               0 7.7714571380e-02 
2.1563430737e-01 1.0000000000e+00 1.0000000000e+00 -4.6452575476e+02 -4.6452575476e+02 -8.7650085098e+01 -8.7574818513e+01               0               0               5               5               1               0 -4.6452575476e+02 -8.7574818513e+01 -5.5210057327e+02 2.0000000000e-01 1.7673847430e+01 1.7673847430e+01               0 8.9391056681e-03 
1.0000000000e+00 1.0000000000e+00 1.0000000000e+00 -4.6452575476e+02 -4.6452575476e+02 -8.7574818513e+01 -8.7574818513e+01               0               0               5               5               1               0 -4.6452575476e+02 -8.7574818513e+01 -5.5210057327e+02 1.0000000000e+00 1.7673847430e+01 1.7673847430e+01               0 4.2874878354e-01 
1.0000000000e+00 1.0000000000e+00 1.0000000000e+00 -4.6452575476e+02 -4.6452575476e+02 -8.7574818513e+01 -8.7574818513e+01               0               0               5               5               1               0 -4.6452575476e+02 -8.7574818513e+01 -5.5210057327e+02 1.0000000000e+00 1.7673847430e+01 1.7673847430e+01               0 8.0268952122e-01 
3.4697453222e-04 1.0000000000e+00 3.1846089369e+02 -4.6452575476e+02 -4.6452575475e+02 -8.7574818513e+01 -8.8819094832e+01               1               0               6               5               0               0 -4.6452575476e+02 -8.7574818513e+01 -5.5210057327e+02 1.4600000000e+02 2.3615937230e+01 1.7673847430e+01               0 7.4406124942e-01 
